5
666666666303333333202222222505555555404444444000000000
2
このステップでは、上部の角の向きを揃えます
3
完成するとこうなります
4
200
2
まだいくつかの角がこんな感じになっていると思うので
3
それを揃えていきます
5
662666463602333333605222222605555555403444444111111111
4
50
1
03050000
4
150
1
031503150000
4
150
1
03050000
4
200
2
このようにずれているときは
3
こう回します
4
80
1
11061716111617161106171617161116171617160000
4
50
1
03040304030403040000
4
100
2
やはり、逆にこうなっているときは
5
665666362406333333306222222205555555406444444111111111
4
80
1
03040000
4
80
1
031403140000
4
80
1
03040000
3
対称な操作としてこうなります
4
200
1
16161706160617061616170617061606170617060000
4
50
1
03040304030403040000
2
４つの角の向きがいずれも違ったときは
3
１つだけを正しくするのがコツです
5
562666362406333333305222222604555555606444444111111111
4
50
1
03040000
4
50
1
03040000
4
50
1
03040000
4
50
1
03040000
4
50
1
11051715111517151105171517151115171517150000
4
50
1
03150000
1
11051715111517151105171517151115171517150000
4
30
2
２つだけ揃っているときは
3
正しかった２つを崩すように回します
5
462666666303333333205222222606555555504444444111111111
4
50
1
03040000
4
50
1
03040000
4
50
1
03040000
4
50
1
03040000
4
50
1
11061716111617161106171617161116171617160000
4
50
1
03140000
1
16161706160617061616170617061606170617060000
4
500
9



























