2
６面も完成したので、このキューブに模様を描いてみます
3
有名どころ３つ、ばーっと作っていくので見ていてください
5
111111111222222222333333333444444444555555555666666666
1
011401140114011402040204020402040000
2
まずはチェック模様！
4
60
1
1503150318031803120312030000
4
50
1
03040304030403040000
4
200
2
へそキューブ！
5
111111111222222222333333333444444444555555555666666666
1
03130313031303130000
4
50
1
15131203150312130000
4
50
1
03040304030403040000
2
６Ｈ！
5
111111111222222222333333333444444444555555555666666666
1
03130313031303130000
4
50
1
150317031703150315031903190315031813130313031803180311031103180312031403140312031203160316031213150315030000
4
30
1
030403040204020402040000
4
50
2
他にもたくさんあるのですが
3
そこはフリーモードの基本形マクロを使って
3
やってみてください
5
111111111222222222333333333444444444555555555666666666
1
03130313031303130000
1
03130313031303130000
9





























