2
最終ステップです
3
残ったピースをはめていきます
5
666666666353333333232222222525555555444444444111111111
4
180
2
このときは３つのピースを反時計回りに移動させるので
4
80
1
03050305030503050000
3
こう回します
4
50
1
11151115170615061705170515171706111511150000
4
50
1
03040304030403040000
4
50
2
逆に、このときは
3
時計回りに回すので
5
666666666323333333252222222535555555444444444111111111
4
80
1
03050305030503050000
3
こう回します
4
50
1
11151115171615061715171515161716111511150000
2
あとは今までと同じ要領でやります
1
03030303030302130213031303130000
2
完成！
4
200
9


