5
060666060000333333000222222000555555000444444111111111
2
前のステップでこの状態になっていると思います
1
03040304030403040000
2
このステップでは、「角の位置」だけを揃えます
3
向きは気にしません
4
200
2
向きだけとはこのような感じのことです
5
060666063002333333600222222000555555000444444111111111
4
350
2
わかりやすいように色を変えてみます
5
106000203203203203306306306601601601102102102000000000
4
200
3
目指す配置はこうです
4
50
1
03040304030403040000
4
50
2
もしもこのようにずれていたなら
5
103000602602203203203306306301601601106102102000000000
4
150
1
03050000
4
30
1
0315031503050000
4
150
3
こうまわします
4
150
1
11061306170613161716111617061306171613160000
4
20
1
03020302030203020000
2
逆に、こうなっているときでは
3
同じ操作を２回行ってもいいですが、
5
102000306306203203602306306201601601103102102000000000
4
120
1
03050315031503050000
3
対称な操作としてこうします
4
150
1
16161416171614061706160617161416170614060000
4
20
1
03020302030203020000
4
80
2
あとはこの操作の組み合わせです
4
150
2
たとえば対角線上にある２つの角が揃っているときは
5
102000603603203203302306306201601601106102102000000000
4
30
1
03050315031503050000
3
１度先ほどの操作を任意の場所で行い
4
80
1
16141414171414041704160417141414170414040000
2
上の段を適当に回せば
4
30
1
17050000
4
50
3
１つの角だけが揃っている状態になります
1
03050305030503150000
4
30
2
後は同じことです
1
16141414171414041704160417141414170414040000
4
80
2
他の場合も上の段を適当に回すことで
3
１つの角だけが揃っている状態に帰着できます
4
600
9