5
111111111222222222333333333444444444555555555666666666
2
１面を揃えるのは難しいことではないので
3
基本だけ説明します
1
03030303030303030000
2
ちなみに１面とそのすぐ下の１段が揃っている状態を
3
完全１面と言い、今回目指すのはその完全１面の方です
5
111111111222000000333000000444000000555000000000000000
1
03030303030303030000
4
150
2
この位置関係なら
5
111111110000000000000000100000000000000000000000000000
4
200
3
こう
1
1105190511150000
4
60
3
または
4
30
5
111111110000000000000000100000000000000000000000000000
4
150
3
こう
1
030319151305190513150000
4
50
2
このときは
5
111111110000000000100000000000000000000000000000000000
4
200
3
こう
1
1616190616061106190611160000
4
60
2
このときは
5
111110111000000000010000000000000000000000000000000000
4
200
3
こう
1
1516020511151115150602151105180511150000
4
60
2
これだと
5
111111110000000000000000000000000000000000000000000100
4
30
1
02050000
4
30
1
02150000
3
こう
1
16161906160611061915191511160000
4
60
2
これだと
5
111110111000000000000000000000000000000000000000100000
4
60
1
02050000
4
30
1
02150000
3
こう
1
15161915191515060000
4
150
2
これが基本であり、基礎なので
3
実際にキューブを動かしてみて感覚を磨いてください
4
300
9