5
111111111222020000333030000444040000555050000000000000
2
ステップ１で上のようになったので
3
このステップでの目標は中央の段をそろえることです
1
0303030303030303030303030000
4
100
5
111111111444040000555050000222020020333030000030000000
2
まず、このようなブロックの配置になっている所を探します
1
0313021302130000
4
200
2
この配置を見つけたら
4
50
3
上のようにキューブを回します
4
10
1
171516051705161517051115171511050000
4
50
2
逆に、このように配置しているときは
5
000000020030030333000020222000000000000000000111111111
4
100
3
こう回します
1
170511151715110517151605170516150000
4
120
2
覚え方として
3
まずこの配置にして
5
111111111222020020333030000444040000555050000000000030
4
50
1
02050000
4
10
1
02150000
4
100
2
入れたいピースをまず遠ざけて
1
19050000
3
手前に倒して
4
50
3
入れたいピース→倒したキューブの順で戻す
4
10
1
1105191511150000
4
50
2
すると、揃ってた1面がばらけるので
3
それを直す
4
20
1
19151615190516050000
4
20
2
あとはこの繰り返しを基本にして
3
２段目まで完成
4
50
5
111111111222222000333333000444444000555555000000000000
1
0303030303030303030303030000
9