5
060666060000333333000222222000555555000444444111111111
2
このステップでの完成形はこのようになります
3
すでにこの形になっているときは次のステップに行きます
4
20
1
03030303030303030000
4
50
2
ステップ１が終わった段階で、
3
上の面の模様は次の４通りあります
5
000060000000333333060222222060555555060444444111111111
1
03080000
5
000666000060222222060555555060444444060333333111111111
1
03080000
5
060660000060555555060444444000333333000222222111111111
1
030800000
5
060666060000444444000333333000222222000555555111111111
1
03080000
2
いずれも、向きさえ合わせれば
3
キューブの回し方は同じです
4
80
3
順に見ていきましょう
4
180
5
000060000060333333060222222060555555060444444111111111
2
まずこのときは
3
とにかくこう回します
4
150
1
1615170511151715110516050000
4
50
3
これで二つ目のパターンになりました
4
180
2
次は向きを変えてから、同じ操作をします
4
80
1
03050000
4
100
1
1615170511151715110516050000
4
20
3
これで三つ目になりました
4
150
2
そのままの向きで、つづけて同じ操作を行って
4
100
1
1615170511151715110516050000
4
20
3
十字の完成となります
4
200
2
ステップ１が終わった段階では、
3
どの模様になっているかはわからないので
3
模様を良く見て回しましょう
1
03040304030403040304030403040000
9





























